22 0.5328125 0.51171875 0.03359375 0.18984375
23 0.37265625 0.15703125 0.05234375 0.05
23 0.39375 0.44609375 0.034375 0.0453125
23 0.5484375 0.48125 0.01796875 0.11015625
24 0.3265625 0.346875 0.178125 0.15546875
24 0.29140625 0.096875 0.2015625 0.071875
22 0.27421875 0.2703125 0.15859375 0.29609375
22 0.25546875 0.4859375 0.10078125 0.3546875
0 0.66328125 0.3 0.0640625 0.10859375
0 0.721875 0.3078125 0.053125 0.0953125
1 0.61796875 0.31796875 0.02890625 0.046875
1 0.74921875 0.33046875 0.0140625 0.04375
1 0.77265625 0.35078125 0.02734375 0.028125
1 0.80390625 0.35390625 0.025 0.021875