23 0.52265625 0.56171875 0.0375 0.0453125
1 0.73828125 0.4515625 0.02734375 0.04375
1 0.86796875 0.46640625 0.015625 0.0390625
1 0.890625 0.48671875 0.0296875 0.0265625
1 0.921875 0.4921875 0.02421875 0.01875
0 0.784375 0.434375 0.0625 0.10078125
0 0.8421875 0.4453125 0.0578125 0.09375
24 0.4265625 0.23046875 0.19453125 0.08203125
24 0.45859375 0.46484375 0.1703125 0.15546875
22 0.384375 0.60078125 0.09921875 0.34375
22 0.40234375 0.39296875 0.15546875 0.30234375
22 0.65703125 0.63203125 0.02734375 0.18359375
23 0.50390625 0.28828125 0.053125 0.046875