1 0.778125 0.61875 0.01796875 0.01875
0 0.66484375 0.5890625 0.053125 0.09453125
0 0.709375 0.5875 0.0453125 0.08125
22 0.3734375 0.621875 0.1546875 0.29453125
22 0.61328125 0.87578125 0.103125 0.24609375
22 0.884375 0.91484375 0.0359375 0.16796875
24 0.396875 0.46328125 0.18046875 0.0609375
24 0.675 0.79765625 0.2 0.14140625
24 0.8515625 0.85 0.06171875 0.0296875
23 0.46875 0.5140625 0.0546875 0.053125
23 0.753125 0.88203125 0.05546875 0.0625
23 0.84453125 0.86484375 0.02734375 0.09453125
1 0.625 0.60546875 0.0234375 0.0328125
1 0.75234375 0.6171875 0.0265625 0.021875
1 0.734375 0.603125 0.0203125 0.034375