23 0.2390625 0.0328125 0.0578125 0.05625
24 0.20859375 0.23984375 0.190625 0.15390625
0 0.5984375 0.17421875 0.05546875 0.096875
22 0.42890625 0.4 0.03984375 0.19453125
22 0.13515625 0.15390625 0.16953125 0.30078125
22 0.13671875 0.38671875 0.10546875 0.36875
23 0.28359375 0.334375 0.04140625 0.0578125
1 0.64921875 0.2171875 0.025 0.0203125
1 0.62578125 0.19375 0.01796875 0.0390625
1 0.49296875 0.1859375 0.02734375 0.0421875
1 0.684375 0.21796875 0.02421875 0.021875
0 0.5390625 0.16953125 0.059375 0.11328125