1 0.43828125 0.5234375 0.0296875 0.04375
1 0.5734375 0.528125 0.0203125 0.040625
1 0.5953125 0.54921875 0.03359375 0.0234375
1 0.63046875 0.5515625 0.025 0.01875
22 0.0859375 0.7390625 0.1109375 0.378125
22 0.3859375 0.746875 0.04296875 0.19609375
22 0.08203125 0.446875 0.16328125 0.22578125
24 0.1578125 0.5875 0.2 0.16015625
24 0.10390625 0.31640625 0.2046875 0.08203125
23 0.1859375 0.37265625 0.0578125 0.0625
23 0.23828125 0.68203125 0.040625 0.053125
0 0.48671875 0.5015625 0.0625 0.11015625
0 0.54609375 0.5078125 0.0578125 0.096875