0 0.56875 0.6203125 0.075 0.12578125
22 0.1140625 0.6421875 0.2078125 0.40625
22 0.2546875 0.87109375 0.09921875 0.25546875
24 0.146875 0.4265625 0.26328125 0.08828125
24 0.33828125 0.7890625 0.246875 0.19296875
22 0.62109375 0.92421875 0.03359375 0.14921875
23 0.2484375 0.48828125 0.06171875 0.0703125
23 0.4375 0.90625 0.04296875 0.06875
23 0.60234375 0.9421875 0.01875 0.08828125
1 0.51328125 0.64296875 0.034375 0.05
1 0.66953125 0.6421875 0.021875 0.0453125
1 0.6953125 0.6671875 0.03359375 0.0296875
1 0.73515625 0.66875 0.0296875 0.0234375
0 0.6359375 0.6203125 0.0625 0.1140625