1 0.7078125 0.7984375 0.025 0.0546875
22 0.20703125 0.54140625 0.14453125 0.490625
22 0.0921875 0.6109375 0.1828125 0.3296875
22 0.79453125 0.69453125 0.07109375 0.3328125
24 0.07421875 0.40625 0.1453125 0.08203125
24 0.34921875 0.39921875 0.37109375 0.31796875
24 0.72109375 0.615625 0.0703125 0.16328125
23 0.496875 0.5890625 0.07734375 0.071875
23 0.73515625 0.74140625 0.03984375 0.19765625
0 0.5890625 0.7625 0.0765625 0.13671875
0 0.66796875 0.77265625 0.071875 0.121875
1 0.52890625 0.79375 0.03671875 0.0578125