24 0.73515625 0.45625 0.05234375 0.0375
22 0.50234375 0.56796875 0.13984375 0.43125
22 0.271875 0.25234375 0.16640625 0.26640625
22 0.7515625 0.53984375 0.06171875 0.19921875
24 0.2921875 0.1015625 0.209375 0.06875
24 0.5640625 0.4125 0.20390625 0.13203125
23 0.36875 0.15859375 0.059375 0.046875
23 0.640625 0.49375 0.0515625 0.0625
23 0.728125 0.49609375 0.02421875 0.0484375
0 0.5625 0.21640625 0.04296875 0.09453125
0 0.60625 0.2125 0.04375 0.08359375
1 0.525 0.234375 0.02265625 0.0328125
1 0.63515625 0.22890625 0.01484375 0.034375