1 0.428125 0.5421875 0.02734375 0.04375
1 0.6109375 0.55390625 0.02421875 0.0203125
1 0.57734375 0.55625 0.02890625 0.025
1 0.55625 0.5375 0.01484375 0.0375
0 0.471875 0.52109375 0.0625 0.10234375
0 0.52890625 0.52109375 0.0515625 0.0953125
22 0.07265625 0.76796875 0.09609375 0.3546875
22 0.346875 0.7484375 0.0328125 0.18046875
24 0.13125 0.61796875 0.1859375 0.13671875
24 0.09609375 0.36640625 0.19140625 0.059375
22 0.0828125 0.55078125 0.16328125 0.30859375
23 0.1734375 0.42109375 0.053125 0.0546875
23 0.2046875 0.70078125 0.040625 0.053125