22 0.5078125 0.640625 0.0890625 0.28359375
22 0.73125 0.6171875 0.0296875 0.13515625
23 0.7125 0.60078125 0.021875 0.07734375
23 0.47578125 0.34296875 0.03671875 0.0375
23 0.61953125 0.58671875 0.03671875 0.0453125
0 0.6578125 0.4078125 0.03984375 0.07890625
0 0.69921875 0.4078125 0.0421875 0.071875
1 0.625 0.42265625 0.01953125 0.0328125
1 0.721875 0.42109375 0.009375 0.0265625
24 0.4140625 0.3 0.16171875 0.0515625
24 0.55625 0.5171875 0.15390625 0.11953125
22 0.3984375 0.40859375 0.13046875 0.18046875