24 0.87265625 0.465625 0.1375 0.125
22 0.19453125 0.52109375 0.175 0.29765625
22 0.54296875 0.559375 0.234375 0.79375
24 0.215625 0.3453125 0.2234375 0.06640625
24 0.64453125 0.27578125 0.3609375 0.29765625
23 0.30546875 0.4109375 0.053125 0.0515625
23 0.7609375 0.46796875 0.1390625 0.0796875
23 0.82265625 0.5671875 0.034375 0.13828125
22 0.9265625 0.553125 0.10234375 0.303125
1 0.45703125 0.58984375 0.02421875 0.03671875
0 0.49140625 0.55390625 0.0421875 0.0515625
0 0.5296875 0.55859375 0.028125 0.03984375