1 0.54921875 0.29375 0.0296875 0.0203125
22 0.34453125 0.48671875 0.03671875 0.20546875
24 0.075 0.02578125 0.15 0.0484375
23 0.19296875 0.4140625 0.03984375 0.059375
23 0.1296875 0.08125 0.05546875 0.065625
22 0.0546875 0.1609375 0.1078125 0.22109375
0 0.43515625 0.2390625 0.06484375 0.11484375
0 0.49765625 0.2453125 0.059375 0.0953125
24 0.1125 0.30546875 0.203125 0.17578125
22 0.04453125 0.46640625 0.08671875 0.396875
1 0.58203125 0.29765625 0.02421875 0.01875
1 0.52421875 0.271875 0.0125 0.0453125
1 0.384375 0.25625 0.02578125 0.0453125