24 0.05390625 0.4109375 0.10703125 0.07890625
23 0.08359375 0.48359375 0.06796875 0.08046875
23 0.35234375 0.9390625 0.053125 0.075
23 0.51953125 0.92421875 0.03203125 0.13984375
24 0.23984375 0.81875 0.27421875 0.19609375
24 0.50703125 0.9015625 0.0546875 0.053125
22 0.14921875 0.88359375 0.1015625 0.22421875
22 0.54765625 0.93359375 0.0375 0.12734375
0 0.4140625 0.6046875 0.075 0.13515625
0 0.48359375 0.6015625 0.06875 0.11875
1 0.35625 0.63046875 0.034375 0.0515625
1 0.521875 0.62421875 0.0234375 0.0453125
1 0.5484375 0.646875 0.034375 0.0296875
1 0.5890625 0.6453125 0.03125 0.0265625