1 0.48671875 0.18359375 0.03359375 0.046875
22 0.45078125 0.67578125 0.17109375 0.5546875
22 0.14375 0.2703125 0.25703125 0.490625
24 0.54140625 0.42890625 0.284375 0.18671875
24 0.775 0.4953125 0.078125 0.040625
22 0.8046875 0.60234375 0.10546875 0.27109375
23 0.64609375 0.5421875 0.07421875 0.07890625
23 0.2640625 0.0671875 0.0765625 0.07578125
23 0.765625 0.54453125 0.034375 0.0734375
0 0.5375 0.1578125 0.059375 0.13046875
0 0.5984375 0.15625 0.059375 0.11484375
1 0.63671875 0.178125 0.021875 0.0453125