24 0.640625 0.421875 0.1578125 0.12265625
24 0.51015625 0.19296875 0.16640625 0.0375
1 0.82265625 0.3296875 0.01171875 0.0296875
1 0.725 0.328125 0.02109375 0.0328125
0 0.7984375 0.31484375 0.0390625 0.071875
0 0.75625 0.31484375 0.03671875 0.08203125
24 0.7859375 0.48203125 0.02578125 0.0265625
23 0.7015625 0.49375 0.0296875 0.046875
23 0.5703125 0.2359375 0.0390625 0.0421875
23 0.79765625 0.51953125 0.025 0.0578125
22 0.49140625 0.3234375 0.12578125 0.22421875
22 0.5859375 0.54453125 0.09921875 0.28984375
22 0.81171875 0.5359375 0.0328125 0.14765625