1 0.71640625 0.528125 0.0234375 0.021875
1 0.696875 0.51171875 0.01796875 0.0390625
1 0.74296875 0.52578125 0.02421875 0.0171875
22 0.32734375 0.56484375 0.17578125 0.334375
22 0.703125 0.871875 0.12890625 0.25390625
22 0.98046875 0.8953125 0.03828125 0.20390625
24 0.35234375 0.38828125 0.20703125 0.07734375
24 0.76484375 0.78515625 0.225 0.15390625
24 0.94296875 0.825 0.0921875 0.0453125
23 0.4359375 0.4390625 0.06171875 0.065625
23 0.84921875 0.875 0.0765625 0.07734375
23 0.9203125 0.8328125 0.040625 0.10546875
0 0.62421875 0.5 0.05625 0.10078125
0 0.66796875 0.4953125 0.04921875 0.090625
1 0.5828125 0.5203125 0.0234375 0.0375