0 0.61484375 0.53046875 0.03984375 0.0671875
1 0.54296875 0.54453125 0.0203125 0.0328125
1 0.6359375 0.54296875 0.0125 0.0265625
1 0.67421875 0.55625 0.015625 0.0125
22 0.3109375 0.5515625 0.1234375 0.23515625
1 0.65 0.55546875 0.0203125 0.0140625
22 0.39140625 0.75078125 0.08359375 0.29140625
22 0.61015625 0.7328125 0.028125 0.13671875
24 0.3265625 0.41953125 0.14609375 0.0453125
24 0.4421875 0.63203125 0.1453125 0.11171875
23 0.3890625 0.459375 0.03671875 0.04375
23 0.50234375 0.70078125 0.0234375 0.0375
23 0.5984375 0.71328125 0.01328125 0.05
0 0.57578125 0.53046875 0.04296875 0.0734375