24 0.12890625 0.3796875 0.20703125 0.0671875
23 0.58671875 0.79140625 0.02734375 0.065625
23 0.49453125 0.79453125 0.05234375 0.059375
23 0.21171875 0.43046875 0.053125 0.0546875
24 0.59140625 0.76015625 0.0578125 0.03125
0 0.4625 0.49921875 0.0453125 0.0828125
1 0.378125 0.52109375 0.02734375 0.0359375
1 0.48984375 0.5171875 0.0171875 0.03125
22 0.10625 0.54296875 0.16796875 0.30546875
22 0.35546875 0.83671875 0.1109375 0.31953125
22 0.62734375 0.82890625 0.03359375 0.17578125
24 0.4171875 0.7109375 0.1984375 0.14296875
0 0.41796875 0.503125 0.04921875 0.09140625