0 0.6125 0.5390625 0.0625 0.10703125
0 0.67109375 0.5421875 0.05546875 0.09765625
1 0.5671875 0.5609375 0.028125 0.04375
1 0.69921875 0.5609375 0.0171875 0.040625
22 0.21875 0.540625 0.16796875 0.31328125
22 0.2125 0.76953125 0.1109375 0.3640625
22 0.496875 0.7734375 0.04609375 0.19609375
24 0.23203125 0.36796875 0.2078125 0.0625
24 0.28125 0.62109375 0.1859375 0.15234375
23 0.31640625 0.41796875 0.05625 0.0546875
23 0.3546875 0.709375 0.03984375 0.0546875
23 0.51171875 0.73046875 0.01875 0.08828125
1 0.7203125 0.58046875 0.03125 0.0234375
1 0.75546875 0.58203125 0.02421875 0.0171875