23 0.74375 0.62890625 0.02890625 0.1515625
24 0.0390625 0.346875 0.078125 0.0875
0 0.2578125 0.6265625 0.05234375 0.096875
0 0.30546875 0.6296875 0.046875 0.08671875
1 0.21953125 0.64921875 0.0234375 0.04140625
1 0.33515625 0.64921875 0.015625 0.03828125
23 0.05234375 0.43046875 0.07890625 0.05859375
24 0.76328125 0.334375 0.10234375 0.2515625
22 0.8796875 0.62265625 0.08125 0.328125
22 0.5921875 0.534375 0.27421875 0.890625
24 0.8078125 0.54140625 0.11015625 0.1234375
23 0.78828125 0.4984375 0.12578125 0.0703125