23 0.390625 0.49375 0.03359375 0.11640625
24 0.31328125 0.3359375 0.1453125 0.0484375
24 0.1203125 0.31875 0.1984375 0.15859375
22 0.0625 0.43203125 0.12265625 0.3375
22 0.33125 0.49140625 0.071875 0.24609375
22 0.29921875 0.446875 0.1203125 0.18828125
0 0.61796875 0.5140625 0.0484375 0.08203125
0 0.6640625 0.51640625 0.04375 0.0765625
1 0.7265625 0.5484375 0.0203125 0.015625
1 0.58125 0.53125 0.021875 0.034375
1 0.68359375 0.53203125 0.0125 0.0296875
23 0.37109375 0.37265625 0.04609375 0.04375
23 0.1875 0.41171875 0.08125 0.0421875
1 0.6984375 0.54765625 0.025 0.0203125