22 0.76328125 0.59140625 0.05625 0.26171875
22 0.17890625 0.54453125 0.1984375 0.25546875
22 0.2875 0.48203125 0.13046875 0.390625
24 0.1640625 0.3859375 0.17265625 0.059375
24 0.4015625 0.37109375 0.30390625 0.24765625
24 0.7078125 0.5328125 0.0578125 0.13203125
23 0.52265625 0.51484375 0.0625 0.0640625
23 0.72109375 0.63203125 0.034375 0.15859375
0 0.60390625 0.6578125 0.065625 0.10859375
1 0.553125 0.6828125 0.03046875 0.0453125
1 0.7 0.68046875 0.01640625 0.04375
0 0.66484375 0.6609375 0.05859375 0.09609375