23 0.7375 0.86640625 0.0828125 0.10078125
1 0.5890625 0.44453125 0.0375 0.0515625
23 0.959375 0.89921875 0.0578125 0.19921875
0 0.65390625 0.4203125 0.084375 0.14453125
0 0.728125 0.41875 0.078125 0.13203125
23 0.3203125 0.278125 0.0796875 0.09609375
1 0.8421875 0.4734375 0.03671875 0.028125
1 0.8 0.4734375 0.0375 0.034375
1 0.76953125 0.446875 0.02734375 0.05
23 0.16015625 0.44921875 0.25078125 0.48125
24 0.9046875 0.82734375 0.0890625 0.046875
23 0.50859375 0.82890625 0.14140625 0.33828125
24 0.6125 0.72890625 0.321875 0.23515625
24 0.19140625 0.19375 0.31640625 0.10234375
23 0.9015625 0.853125 0.03984375 0.15859375