22 0.97890625 0.87890625 0.03984375 0.19453125
24 0.759375 0.7484375 0.21953125 0.15546875
24 0.9421875 0.80234375 0.0765625 0.040625
1 0.7609375 0.51484375 0.01484375 0.0359375
1 0.6484375 0.515625 0.025 0.0375
0 0.73515625 0.496875 0.05 0.084375
0 0.68828125 0.4984375 0.0546875 0.09765625
23 0.92578125 0.81484375 0.03671875 0.10390625
23 0.84296875 0.83984375 0.0671875 0.071875
1 0.80859375 0.53046875 0.02109375 0.0171875
23 0.49609375 0.42734375 0.0546875 0.0578125
1 0.7796875 0.5296875 0.025 0.021875
22 0.39453125 0.540625 0.16328125 0.31328125
22 0.6921875 0.85 0.12109375 0.29609375
24 0.4140625 0.371875 0.20234375 0.0671875