24 0.35390625 0.4046875 0.18203125 0.06875
22 0.7953125 0.8375 0.028125 0.16796875
22 0.53359375 0.83203125 0.10234375 0.31953125
22 0.33359375 0.559375 0.15390625 0.30390625
24 0.59375 0.71171875 0.1859375 0.14453125
24 0.7640625 0.7703125 0.0546875 0.0296875
23 0.425 0.45078125 0.0484375 0.0546875
23 0.6671875 0.79375 0.0484375 0.0609375
23 0.759375 0.7859375 0.021875 0.09609375
0 0.61875 0.53203125 0.04921875 0.08671875
0 0.66171875 0.5296875 0.04375 0.075
1 0.5796875 0.546875 0.02421875 0.034375
1 0.68671875 0.54765625 0.01484375 0.0328125
1 0.703125 0.56328125 0.02421875 0.0203125
1 0.72890625 0.5625 0.0171875 0.01875